pid,name,yob,team,iscurrent
0,,1998,,1
69,Yuvraj Singh,1998,Punjab,1
70,M Kaif,1998,Chhattisgarh,1
73,Irfan Pathan,1998,Baroda,1
74,Parthiv Patel,1998,Gujarat,1
75,Harbhajan Singh,1998,Punjab,1
96,Lakshmipathy Balaji,1998,Tamil Nadu,1
145,Dinesh Karthik,1998,Tamil Nadu,1
265,MS Dhoni,1998,Jharkhand,1
269,Nehra,1998,Delhi,1
270,Joginder Sharma,1998,Haryana,1
308,Gautam Gambhir,1998,Delhi,1
413,Suresh Raina,1998,Uttar Pradesh,1
434,RP Singh,1998,Gujarat,1
463,S Sreesanth,1998,Kerala,1
466,Piyush Chawla,1998,Uttar Pradesh,1
499,W Jaffer,1998,Vidarbha,1
522,Munaf Patel,1998,Baroda,1
527,Uthappa,1998,Karnataka,1
551,Tanmay Mishra,1998,Tripura,1
574,S Badrinath,1998,Vidarbha,1
576,Rohit,1998,Mumbai,1
587,Ravindra Jadeja,1998,Saurashtra,1
590,Tanmay Srivastava,1998,UTTARAKHAND,1
592,Praveen Kumar,1998,Uttar Pradesh,1
597,Mithun Manhas,1998,Jammu and Kashmir,1
694,Manoj Tiwary,1998,Bengal,1
702,Ishant Sharma,1998,Delhi,1
790,Yusuf Pathan,1998,Baroda,1
1356,Pragyan Ojha,1998,Bengal,1
1358,Manpreet Gony,1998,Punjab,1
1446,Shikhar Dhawan,1998,Delhi,1
1447,Ajinkya Rahane,1998,Mumbai,1
1448,Cheteshwar Pujara,1998,Saurashtra,1
1449,Vinay Kumar,1998,Karnataka,1
1451,Dhawal Kulkarni,1998,Mumbai,1
1454,Amit Mishra,1998,Haryana,1
1462,Swapnil Asnodkar,1998,Goa,1
1463,Abhishek Nayar,1998,Mumbai,1
1464,Ravi Teja,1998,Andhra,1
1465,Wriddhiman Saha,1998,Bengal,1
1466,Jaydev Shah,1998,Saurashtra,1
1467,Ashok Dinda,1998,Bengal,1
1468,Rajat Bhatia,1998,Delhi,1
1472,Pradeep Sangwan,1998,Delhi,1
1477,Y Takawale,1998,NAGALAND,1
1530,Stuart Binny,1998,Karnataka,1
1593,Ravichandran Ashwin,1998,Tamil Nadu,1
1596,Faiz Fazal,1998,Vidarbha,1
1597,Murali Vijay,1998,Tamil Nadu,1
1599,Naman Ojha,1998,Madhya Pradesh,1
1600,Laxmi Shukla,1998,Bengal,1
1601,Saurabh Tiwary,1998,Jharkhand,1
1672,Arun Karthik,1998,Assam,1
1700,Rohan Raje,1998,Mumbai,1
1719,Yo Mahesh,1998,Tamil Nadu,1
1720,Abhinav Mukund,1998,Tamil Nadu,1
1726,Bhuvneshwar Kumar,1998,Uttar Pradesh,1
1793,Taruwar Kohli,1998,Punjab,1
1797,Mahesh Rawat,1998,Railways,1
1800,Nagar,1998,MEGHALAYA,1
1807,Shreevats Goswami,1998,Bengal,1
1812,Shadab Jakati,1998,Goa,1
1818,P Vijaykumar,1998,Andhra,1
1824,U Kaul,1998,CDG,1
1826,Nitin Saini,1998,Haryana,1
1828,Siddarth Kaul,1998,Punjab,1
1829,Debabrata Das,1998,Bengal,1
1830,Iqbal Abdulla,1998,Mumbai,1
1832,Yashpal Singh,1998,Services,1
1836,Manish Pandey,1998,Karnataka,1
1837,Pinal Shah,1998,Baroda,1
1844,Karn Sharma,1998,Railways,1
1849,Abhimanyu Mithun,1998,Karnataka,1
1850,Sreenath Aravind,1998,Karnataka,1
1851,Kedar Jadhav,1998,Maharashtra,1
1852,CM Gautam,1998,Karnataka,1
1854,Rajesh Bishnoi,1998,Rajasthan,1
1855,Ishank Jaggi,1998,Jharkhand,1
1858,Umesh Yadav,1998,Vidarbha,1
1860,Paras Dogra,1998,Himachal Pradesh,1
1862,Raiphi Gomez,1998,Kerala,1
1876,Anureet Singh,1998,Railways,1
1887,Arindam Ghosh,1998,Railways,1
1899,Harmeet Singh,1998,Punjab,1
1902,Jaskaran Singh,1998,Jharkhand,1
1903,Tirumalsetti Suman,1998,Hyderabad,1
1905,Abhishek Raut,1998,Odisha,1
2115,Amit Verma,1998,Assam,1
2123,Sarfaraz Ashraf,1998,BIHAR,1
2180,Abrar Kazi,1998,NAGALAND,1
2195,Mayank Agarwal,1998,Karnataka,1
2215,Ganesh Satish,1998,Vidarbha,1
3012,Ahmed Shah,1998,MANIPUR,1
5572,Akash Bhandari,1998,Hyderabad,1
6286,Shrikant Wagh,1998,Vidarbha,1
6288,Sumit Narwal,1998,Delhi,1
6291,A Paunikar,1998,Railways,1
6293,Varun Aaron,1998,Jharkhand,1
6296,Bipul Sharma,1998,Himachal Pradesh,1
6301,Ashish Reddy,1998,Hyderabad,1
6304,Rahul Sharma,1998,Punjab,1
6305,Bodapati Sumanth,1998,Andhra,1
6310,Chandan Madan,1998,Punjab,1
6311,Ambati Rayudu,1998,Baroda,1
6314,Rajagopal Sathish,1998,Tamil Nadu,1
6315,Aditya Tare,1998,Mumbai,1
6319,Mandeep Singh,1998,Punjab,1
6322,Harpreet Singh,1998,Madhya Pradesh,1
6323,Abu Nechim,1998,Assam,1
6327,Jaydev Unadkat,1998,Saurashtra,1
6328,Pankaj Singh,1998,Rajasthan,1
6375,Shrikant Mundhe,1998,Maharashtra,1
6389,Samad Fallah,1998,Maharashtra,1
6398,Harshad Khadiwale,1998,Maharashtra,1
7716,Aniruddha Joshi,1998,Karnataka,1
7810,Ankit Sharma,1998,Madhya Pradesh,1
7827,Bhargav Bhatt,1998,Baroda,1
7829,Kedar Devdhar,1998,Baroda,1
7835,Robin Bist,1998,Himachal Pradesh,1
7836,Deepak Chahar,1998,Rajasthan,1
7845,Dishant Yagnik,1998,Rajasthan,1
7846,Ashok Menaria,1998,Rajasthan,1
7902,Asad Pathan,1998,Railways,1
7904,Unmukt Chand,1998,Delhi,1
7906,Shahbaz Nadeem,1998,Jharkhand,1
7908,Amit Yadav,1998,Goa,1
7909,Mohammed Shami,1998,Bengal,1
7910,Yuzvendra Chahal,1998,Haryana,1
7913,Pawan Suyal,1998,Delhi,1
7915,Suryakumar Yadav,1998,Mumbai,1
7917,Eklavya Dwivedi,1998,Uttar Pradesh,1
7918,Dheeraj Jadhav,1998,Assam,1
7929,JS Mohammad,1998,Assam,1
7932,Prasanth Parameswaran,1998,Kerala,1
8106,Ishwar Chaudhary,1998,Gujarat,1
8107,Jalaj Saxena,1998,Madhya Pradesh,1
8175,Harshal Patel,1998,Haryana,1
8181,Mohit Sharma,1998,Haryana,1
8182,Jayant Yadav,1998,Haryana,1
8183,Ashish Hooda,1998,Haryana,1
8184,V Saxena,1998,UTTARAKHAND,1
8186,Puneet Yadav,1998,Rajasthan,1
8187,Rituraj Singh,1998,Goa,1
8190,Aniket Choudhary,1998,Rajasthan,1
8198,Baba Aparajith,1998,Tamil Nadu,1
8200,Kaushik Gandhi,1998,Tamil Nadu,1
8204,Vijay Shankar,1998,Tamil Nadu,1
8205,Akhil Herwadkar,1998,Mumbai,1
8209,Madhur Khatri,1998,Railways,1
8257,Karun Nair,1998,Karnataka,1
8258,Zol,1998,Maharashtra,1
8259,A Majumdar,1998,Bengal,1
8260,Krishnakant Upadhyay,1998,Railways,1
8261,Rahul Shukla,1998,Jharkhand,1
8264,Amitoze Singh,1998,Punjab,1
8265,Veer Pratap Singh,1998,Chhattisgarh,1
8269,Parvinder Awana,1998,Delhi,1
8270,Chirag Jani,1998,Saurashtra,1
8271,Sanju Samson,1998,Kerala,1
8273,Wankhade,1998,Vidarbha,1
8279,Manprit Juneja,1998,Gujarat,1
8280,Puneet Bisht,1998,Delhi,1
8281,Pawan Negi,1998,Delhi,1
8284,Akshath Reddy,1998,Hyderabad,1
8285,Biplab Samantray,1998,Odisha,1
8292,Kuldeep Yadav,1998,Uttar Pradesh,1
8298,Gurkeerat Singh Mann,1998,Punjab,1
8311,Akshay Darekar,1998,Maharashtra,1
8350,Smit Patel,1998,Gujarat,1
8351,Akshdeep Nath,1998,Uttar Pradesh,1
8353,Roosh Kalaria,1998,Gujarat,1
8354,Kamal Passi,1998,Services,1
8356,Sandeep Sharma,1998,Punjab,1
8358,Manan Vohra,1998,Punjab,1
8424,Hanuma Vihari,1998,Hyderabad,1
8425,Prashant Chopra,1998,Himachal Pradesh,1
8426,Harmeet Singh,1998,Tripura,1
8599,Arjit Gupta,1998,Rajasthan,1
8600,A Lamba,1998,Rajasthan,1
8608,Arnab Nandi,1998,Railways,1
8610,R Motwani,1998,Maharashtra,1
8614,Ian Dev Singh,1998,Jammu and Kashmir,1
8615,Gurvinder Singh,1998,Himachal Pradesh,1
8616,Rishi Dhawan,1998,Himachal Pradesh,1
8617,Ankit Bawne,1998,Maharashtra,1
8618,Kamlesh Makvana,1998,Saurashtra,1
8649,Mayank Sidhana,1998,Punjab,1
8654,Natraj Behera,1998,Odisha,1
8656,Gokul Sharma,1998,Assam,1
8658,Basant Mohanty,1998,Odisha,1
8659,Manisankar Murasingh,1998,Tripura,1
8661,Samar Quadri,1998,BIHAR,1
8663,AG Pradeep,1998,Andhra,1
8665,Ishwar Pandey,1998,Madhya Pradesh,1
8666,Parvinder Singh,1998,Tripura,1
8682,Bravish Shetty,1998,Tripura,1
8683,Shardul Thakur,1998,Mumbai,1
8684,Deepak Behera,1998,Odisha,1
8686,Dhiraj Singh,1998,Odisha,1
8690,Paresh Patel,1998,Odisha,1
8691,Govinda Poddar,1998,Odisha,1
8693,Alok Sahoo,1998,Odisha,1
8695,Pagadala Naidu,1998,Hyderabad,1
8696,Bavanaka Sandeep,1998,Hyderabad,1
8697,Vishal Sharma,1998,Hyderabad,1
8701,Rajwinder Singh,1998,Punjab,1
8702,Jiwanjot Singh,1998,Punjab,1
8704,Robert Fernandez,1998,Kerala,1
8707,Rohan Prem,1998,Kerala,1
8709,Sachin Baby,1998,Kerala,1
8711,Vasudevan Arundhadi Jagadeesh,1998,Kerala,1
8712,Unnikrishnan Manukrishnan,1998,Kerala,1
8713,Padmanabhan Prasanth,1998,Kerala,1
8716,Kumar Deobrat,1998,Jharkhand,1
8720,Sumit Ruikar,1998,Chhattisgarh,1
8726,Chandrakant Sakure,1998,Madhya Pradesh,1
8728,Anand Singh,1998,Jharkhand,1
8730,Gaurav Yadav,1998,Madhya Pradesh,1
8731,Rameez Khan,1998,Madhya Pradesh,1
8733,Lokesh Rahul,1998,Karnataka,1
8734,Ronit More,1998,Himachal Pradesh,1
8735,KB Pawan,1998,NAGALAND,1
8740,Sanjay Majumder,1998,Tripura,1
8741,Rana Dutta,1998,Tripura,1
8744,K Acharjee,1998,Tripura,1
8748,Rajib Saha,1998,Tripura,1
8749,Samrat Singha,1998,Tripura,1
8755,Bandaru Ayyappa,1998,Andhra,1
8758,Prasanth Kumar,1998,Andhra,1
8759,Duvvarapu Siva Kumar,1998,Andhra,1
8760,Pallavkumar Das,1998,Assam,1
8762,Rajdeep Das,1998,Assam,1
8763,Hokaito Zhimomi,1998,NAGALAND,1
8764,Pritam Debnath,1998,Assam,1
8765,Arup Das,1998,Assam,1
8768,Sibsankar Roy,1998,Assam,1
8769,Amit Sinha,1998,Assam,1
8770,Tarjinder Singh,1998,Assam,1
8772,Manan Sharma,1998,Delhi,1
8773,Milind Kumar,1998,Delhi,1
8774,Avinash Yadav,1998,Railways,1
8775,V Cheluvaraj,1998,Railways,1
8777,Hardik Rathod,1998,Saurashtra,1
8778,S Shukla,1998,Railways,1
8780,Ashish Yadav,1998,Railways,1
8785,Shakti Malviya,1998,Services,1
8786,Shadab Nazar,1998,Services,1
8787,Rajat Paliwal,1998,Services,1
8789,Nakul Harpal Verma,1998,Services,1
8791,Anshul Gupta,1998,Services,1
8794,Soumya Swain,1998,Services,1
8795,Suraj Yadav,1998,Services,1
8796,Murugan Ashwin,1998,Tamil Nadu,1
8797,M Mohammed,1998,Tamil Nadu,1
8806,Manjeet Singh,1998,Rajasthan,1
8808,Axar Patel,1998,Gujarat,1
8810,Priyank Panchal,1998,Gujarat,1
8811,Mehul Patel,1998,Gujarat,1
8813,Bhargav Merai,1998,Gujarat,1
8816,Rakesh Solanki,1998,Tripura,1
8817,Aditya Waghmode,1998,Baroda,1
8819,Abhimanyu Chauhan,1998,Chhattisgarh,1
8822,A Kumar,1998,Himachal Pradesh,1
8825,Sumeet Verma,1998,Himachal Pradesh,1
8831,Aamir Aziz Sofi,1998,Jammu and Kashmir,1
8834,Ram Dayal,1998,Jammu and Kashmir,1
8835,Manik Gupta,1998,Jammu and Kashmir,1
8837,Parvez Rasool,1998,Jammu and Kashmir,1
8839,Bandeep Singh,1998,Jammu and Kashmir,1
8843,Mohammed Mudhasir,1998,Jammu and Kashmir,1
8846,Sheldon Jackson,1998,Saurashtra,1
8849,Shaurya Sanandia,1998,Saurashtra,1
8850,Arpit Vasavada,1998,Saurashtra,1
8853,Sanjay Budhwar,1998,Haryana,1
8855,Chanderpal Saini,1998,Railways,1
8883,Domnic Muthuswami,1998,Maharashtra,1
8884,Anupam Sanklecha,1998,Maharashtra,1
8885,Reagan Pinto,1998,Goa,1
8887,Saurabh Bandekar,1998,Goa,1
8888,Amogh Sunil Desai,1998,Goa,1
8890,Keenan Vaz,1998,Goa,1
8893,Sagun Kamat,1998,Goa,1
8898,Darshan Misal,1998,Goa,1
8899,Malolan Rangarajan,1998,Tamil Nadu,1
8901,Rujul Bhatt,1998,Gujarat,1
8918,Kushang Patel,1998,Saurashtra,1
8919,Saurabh Wakaskar,1998,Railways,1
8920,Rahul Dalal,1998,ARUNACHALPRADESH,1
8922,Rahul Singh,1998,Himachal Pradesh,1
8923,Satyajeet Bachhav,1998,Maharashtra,1
8924,Rajpoot,1998,Uttar Pradesh,1
8925,Gowtham K,1998,Karnataka,1
8932,A Verma,1998,Railways,1
8933,Vaibhav Rawal,1998,Delhi,1
8934,Samit Gohel,1998,Gujarat,1
8935,Kolla Sumanth,1998,Hyderabad,1
8936,Ravi Kiran,1998,Hyderabad,1
8937,Shubham Khajuria,1998,Jammu and Kashmir,1
8941,Aditya Singh,1998,Jammu and Kashmir,1
8944,Sandeep Warrier,1998,Kerala,1
8945,Chovvakkaran Shahid,1998,Kerala,1
8948,Dasari Swaroop,1998,Andhra,1
8949,Akshay Wakhare,1998,Vidarbha,1
8954,Pritam Das,1998,Assam,1
8955,K Saikia,1998,Assam,1
8957,Waseem Raza,1998,Jammu and Kashmir,1
8961,K Abhinay,1998,Himachal Pradesh,1
8962,Baltej Singh,1998,Punjab,1
8963,Ravi Inder Singh,1998,Punjab,1
8964,Arindam Das,1998,Tripura,1
8978,OA Shah,1998,Jammu and Kashmir,1
8979,Nizar Niyas,1998,Kerala,1
8992,Sudip Chatterjee,1998,Bengal,1
8995,Mehdi Hassan,1998,Hyderabad,1
8996,Nikhil Gangta,1998,Himachal Pradesh,1
8999,Nikit Dhumal,1998,Maharashtra,1
9001,Vikas Tokas,1998,Delhi,1
9002,Ravikumar Thakur,1998,Vidarbha,1
9005,Murumulla Sriram,1998,Andhra,1
9007,Jesal Karia,1998,Gujarat,1
9010,Zahoor Ahmed Sofi,1998,Jammu and Kashmir,1
9012,Rahul Tripathi,1998,Maharashtra,1
9013,Suresh Kumar,1998,PUDUCHERRY,1
9014,Umang Sharma,1998,Uttar Pradesh,1
9015,Prashant Gupta,1998,Uttar Pradesh,1
9017,Karimuttathu Rakesh,1998,Kerala,1
9018,Nirupam Chowdhary,1998,Tripura,1
9019,Bunti Roy,1998,Tripura,1
9024,P Awasthi,1998,Railways,1
9025,Srikar Bharat,1998,Andhra,1
9028,Chirag Gandhi,1998,Gujarat,1
9031,Babul Kumar,1998,BIHAR,1
9033,Dharmendrasinh Jadeja,1998,Saurashtra,1
9038,Rahil Shah,1998,Tamil Nadu,1
9039,Manzoor Dar,1998,Jammu and Kashmir,1
9042,Jagrit Anand,1998,Delhi,1
9043,Varun Sood,1998,Delhi,1
9204,Nitish Rana,1998,Delhi,1
9205,Dhruv Shorey,1998,Delhi,1
9208,Himalaya Barad,1998,Gujarat,1
9211,Mohan Akshaya,1998,Kerala,1
9212,Karaparambil Monish,1998,Kerala,1
9213,Nikhilesh Surendran,1998,Kerala,1
9214,Barinder Sran,1998,Punjab,1
9217,Vivek Singh,1998,Bengal,1
9218,Siddhesh Lad,1998,Mumbai,1
9236,Thalaivan Sargunam,1998,PUDUCHERRY,1
9237,Tambe,1998,Mumbai,1
9238,Bodavarapu Sudhakar,1998,Andhra,1
9241,Royston Dias,1998,Mumbai,1
9244,Lukman Meriwala,1998,Baroda,1
9245,V Solanki,1998,Baroda,1
9255,Akshay Kolhar,1998,Vidarbha,1
9257,Ravi Jangid,1998,Vidarbha,1
9260,Swapan Das,1998,Tripura,1
9261,Udiyan Bose,1998,Tripura,1
9263,Keshav Kumar,1998,BIHAR,1
9266,Arabind Singh,1998,Odisha,1
9268,S Pradhan,1998,Odisha,1
9269,Ankit Yadav,1998,Odisha,1
9270,Pranay Sharma,1998,Rajasthan,1
9271,Tanveer-Ul-Haq,1998,Rajasthan,1
9276,Naren Reddy,1998,Andhra,1
9278,Jyothi Sai Krishna,1998,Andhra,1
9279,Suraj Dongre,1998,Goa,1
9281,Chama V Milind,1998,Hyderabad,1
9283,Asif Rasool,1998,Jammu and Kashmir,1
9284,Ahmed Bandy,1998,Jammu and Kashmir,1
9289,Anand Bais,1998,Madhya Pradesh,1
9290,M Singh,1998,Chhattisgarh,1
9291,Jatin Saxena,1998,Chhattisgarh,1
9295,Nikhil Naik,1998,Maharashtra,1
9298,Ankush Bains,1998,Himachal Pradesh,1
9302,Soumik Chatterjee,1998,Services,1
9308,Rishav Kalapkanti Das,1998,Assam,1
9311,Jasprit Bumrah,1998,Gujarat,1
9423,Rishi Arothe,1998,Baroda,1
9425,R Bhui,1998,Andhra,1
9426,Aamir Gani,1998,Bengal,1
9427,Deepak Hooda,1998,Baroda,1
9428,Shreyas Iyer,1998,Mumbai,1
9429,Sarfaraz Khan,1998,Uttar Pradesh,1
9430,Abhimanyu Lamba,1998,Rajasthan,1
9431,Mohammad Saif,1998,Uttar Pradesh,1
9507,Pankaj Jaiswal,1998,Himachal Pradesh,1
9509,A Sheth,1998,Baroda,1
9574,J Zope,1998,Maharashtra,1
9619,Vinoop Manoharan,1998,Kerala,1
9620,Cheepurapalli Stephen,1998,Andhra,1
9622,Aswin Crist,1998,Tamil Nadu,1
9624,Baba Indrajith,1998,Tamil Nadu,1
9629,Abhijit Chakraborty,1998,Tripura,1
9633,Rahul Kanojia,1998,Services,1
9635,V Tiwari,1998,Services,1
9639,Avi Barot,1998,Saurashtra,1
9644,Abhijit Roy,1998,Assam,1
9646,Abhishek Bhat,1998,Jammu and Kashmir,1
9647,Hardik Pandya,1998,Baroda,1
9648,B Pathan,1998,Baroda,1
9666,Chetan Bist,1998,Rajasthan,1
9668,Amit Mishra,1998,Uttar Pradesh,1
9669,Akshay Chauhan,1998,Himachal Pradesh,1
9674,Shasheem Sanjay Rathour,1998,Jharkhand,1
9683,Bharatkumar Solanki,1998,Maharashtra,1
9688,Ravikumar Samarth,1998,Karnataka,1
9690,Rahul Yadav,1998,Delhi,1
9693,Rahul Tewatia,1998,Haryana,1
9700,Rongsen Jonathan,1998,Railways,1
9715,Navdeep Saini,1998,Delhi,1
9716,Abhimanyu Easwaran,1998,Bengal,1
9717,Writtick Chatterjee,1998,Bengal,1
9743,Jayanta Behera,1998,Odisha,1
9744,Gitansh Khera,1998,Punjab,1
9746,Shreyas Gopal,1998,Karnataka,1
9749,Puneet Datey,1998,Madhya Pradesh,1
9751,Umar Nazir Mir,1998,Jammu and Kashmir,1
9781,Avesh Khan,1998,Madhya Pradesh,1
9782,Karan Kaila,1998,Punjab,1
9783,Monu Kumar,1998,Jharkhand,1
9955,Sayan Mondal,1998,Bengal,1
9987,Parvez Aziz,1998,Assam,1
10213,Virat Singh,1998,Jharkhand,1
10214,Jitesh Sharma,1998,Vidarbha,1
10218,Anurag Sarangi,1998,Odisha,1
10219,Avdhoot Dandekar,1998,Maharashtra,1
10220,Swapnil Gugale,1998,Maharashtra,1
10222,Divyaraj Chauhan,1998,Saurashtra,1
10223,Himmat Singh,1998,Delhi,1
10225,T Natarajan,1998,Tamil Nadu,1
10226,Shahrukh Khan,1998,Tamil Nadu,1
10228,Amit Mishra,1998,Railways,1
10229,Ankit Dane,1998,Madhya Pradesh,1
10235,Mehjoor Ali,1998,Jammu and Kashmir,1
10236,Paras Sharma,1998,Jammu and Kashmir,1
10238,Swapnil Singh,1998,Baroda,1
10242,Ashish Kumar,1998,Jharkhand,1
10247,Sanjay Ramaswamy,1998,Vidarbha,1
10249,Krishna Das,1998,Assam,1
10250,Swarupam Purkayastha,1998,Assam,1
10251,Rajesh Banik,1998,Tripura,1
10252,Abhijit Sarkar,1998,Tripura,1
10253,Bishal Ghosh,1998,Tripura,1
10254,Ashwin Hebbar,1998,Andhra,1
10256,Balchander Anirudh,1998,Hyderabad,1
10258,Tanmay Agarwal,1998,Hyderabad,1
10260,Saurabh Kumar,1998,Uttar Pradesh,1
10261,Devender Lohchab,1998,Services,1
10262,Deepak Punia,1998,Saurashtra,1
10264,Ankit Kalsi,1998,Himachal Pradesh,1
10267,Basil Thampi,1998,Kerala,1
10270,Abhishek Mohan,1998,Kerala,1
10275,Mohd Israr,1998,Uttar Pradesh,1
10276,Ishan Kishan,1998,Jharkhand,1
10277,Kaushal Singh,1998,Jharkhand,1
10285,Saransh Jain,1998,Madhya Pradesh,1
10290,Ankush Bedi,1998,Himachal Pradesh,1
10293,Prathamesh Gawas,1998,Goa,1
10294,Deepraj Gaonkar,1998,Goa,1
10297,H Rana,1998,Haryana,1
10298,Nakul Sharma,1998,Services,1
10301,Shubham Pundir,1998,Jammu and Kashmir,1
10305,Sumit Kumar,1998,Jharkhand,1
10310,Hardik Rajeev Sethi,1998,Services,1
10311,A G Pandrekar,1998,Goa,1
10313,Ajay Rana,1998,Himachal Pradesh,1
10315,MD Nidheesh,1998,Kerala,1
10317,Chiranjit Paul,1998,Tripura,1
10319,Hardik Patel,1998,Gujarat,1
10320,Akshay Chandran,1998,Kerala,1
10322,Rohilla,1998,Haryana,1
10323,Saurabh Das,1998,Tripura,1
10324,Mihir Hirwani,1998,Madhya Pradesh,1
10327,Asif Khan,1998,Jammu and Kashmir,1
10329,Snehal Kauthankar,1998,Goa,1
10330,Snell Patel,1998,Saurashtra,1
10332,Nizar,1998,Kerala,1
10334,Ankit Kushwah,1998,Madhya Pradesh,1
10335,Shivam Chaudhary,1998,Uttar Pradesh,1
10336,Himalay Agarwal,1998,Hyderabad,1
10354,Pratyush Singh,1998,Jharkhand,1
10356,Aditya Garhwal,1998,Rajasthan,1
10357,Jagadeesha Suchith,1998,Karnataka,1
10360,Abhishek Reddy,1998,Karnataka,1
10363,Antony Dhas,1998,Tamil Nadu,1
10364,Pavan Deshpande,1998,Karnataka,1
10365,Kranthi Kumar,1998,AP,1
10366,Naveen MG,1998,Karnataka,1
10367,David Mathias,1998,Karnataka,1
10368,Azaruddin Bloch,1998,Services,1
10369,Lakhan Singh,1998,Services,1
10371,Gaurav Kochar,1998,Services,1
10372,Kshitiz Sharma,1998,Delhi,1
10373,Pranshu Vijayran,1998,Delhi,1
10379,Aditya Kaushik,1998,Goa,1
10381,Sagar Trivedi,1998,Mumbai,1
10478,Rohan Kadam,1998,Karnataka,1
10484,Praveen Dubey,1998,Karnataka,1
10489,V Koushik,1998,Karnataka,1
10494,Prateek Jain,1998,Karnataka,1
10504,Sadiq Kirmani,1998,Karnataka,1
10509,Mir Kaunain Abbas,1998,Karnataka,1
10520,Sharath BR,1998,Karnataka,1
10523,Dikshanshu Negi,1998,UTTARAKHAND,1
10531,Shashi Shekar,1998,BIHAR,1
10541,Pradeep T,1998,Karnataka,1
10551,Prasidh,1998,Karnataka,1
10554,Sinan Abdul Khader,1998,MIZORAM,1
10562,Siddharth,1998,Karnataka,1
10628,Nirupam Sen,1998,Tripura,1
10629,Aditya Shanware,1998,Vidarbha,1
10630,Aditya Sarwate,1998,Vidarbha,1
10632,Rajesh Dhupar,1998,Odisha,1
10633,Roshan Kumar Rao,1998,Odisha,1
10636,Rajat Patidar,1998,Madhya Pradesh,1
10638,KV Sasikanth,1998,Andhra,1
10640,Bikash Chetri,1998,Assam,1
10642,Fabid Ahmed,1998,Kerala,1
10644,Deependra Pandey,1998,Uttar Pradesh,1
10645,Pulkit Narang,1998,Services,1
10647,Nathu Singh,1998,Rajasthan,1
10649,Mohit Ahlawat,1998,Services,1
10650,Hitesh Kadam,1998,Railways,1
10651,Ashish Singh,1998,Railways,1
10652,Faiz Ahmed,1998,Railways,1
10653,Varun Khanna,1998,Punjab,1
10654,Deepak Bansal,1998,Punjab,1
10655,Pargat Singh,1998,Punjab,1
10657,Hitesh Solanki,1998,Services,1
10659,Rohit Sharma,1998,Jammu and Kashmir,1
10662,Vandit Jivrajani,1998,Saurashtra,1
10664,Amit Pachhara,1998,Services,1
10665,Diwesh Pathania,1998,Services,1
10666,Raushan Raj,1998,Services,1
10667,Poonam Poonia,1998,Services,1
10668,Ravi Chauhan,1998,Services,1
10669,Sufiyan Alam,1998,Services,1
10671,Rahul Dagar,1998,Haryana,1
10672,Chaitanya Bishnoi,1998,Haryana,1
10673,Sanjay Pahal,1998,Haryana,1
10674,Jagatheesan Kousik,1998,Tamil Nadu,1
10680,Pankaj Shaw,1998,Bengal,1
10682,Rohit Dahiya,1998,Gujarat,1
10684,Shresth Nirmohi,1998,Himachal Pradesh,1
10744,Rishabh Pant,1998,Delhi,1
10753,Suboth Bhati,1998,Delhi,1
10754,Mukesh Kumar,1998,Bengal,1
10755,Rohit Parmod Sharma,1998,Haryana,1
10756,Pramod Chandila,1998,Bengal,1
10761,Danny Dereck Prince,1998,Hyderabad,1
10785,Ranjit Singh,1998,Odisha,1
10786,Sayan Ghosh,1998,Bengal,1
10787,Rahul Hazarika,1998,Assam,1
10788,Koripalli Sreekanth,1998,Andhra,1
10802,Siddharth Dobal,1998,Rajasthan,1
10805,Akshat Pandey,1998,Railways,1
10806,Jay Gokul Bista,1998,Mumbai,1
10808,Mohammed Siraj,1998,Hyderabad,1
10809,Mohammed Azharuddeen,1998,Kerala,1
10836,Pranav Gupta,1998,Jammu and Kashmir,1
10837,Umar Nissar,1998,Jammu and Kashmir,1
10839,Samarth Vyas,1998,Saurashtra,1
10840,Mohit Hooda,1998,Haryana,1
10842,Sonu Singh,1998,Jharkhand,1
10844,Manender Narender Singh,1998,Rajasthan,1
10847,Shamshuzama Kazi,1998,Maharashtra,1
10855,Vishant More,1998,Maharashtra,1
10856,Wasiqur Rahman,1998,Assam,1
10866,Jaskaran Singh,1998,Jharkhand,1
10875,Aamir Ashraf Sofi,1998,Jammu and Kashmir,1
10880,Pradipta Pramanik,1998,Bengal,1
10883,Ganesh Kumar,1998,Andhra,1
10884,Sirla Srinivas,1998,Andhra,1
10885,Akshay Karnewar,1998,Vidarbha,1
10886,Jogeswar Bhumij,1998,Assam,1
10887,Rajneesh Gurbani,1998,Vidarbha,1
10888,Akshay Wadkar,1998,Vidarbha,1
10889,Dixit Patel,1998,Baroda,1
10890,Mrunal Devdhar,1998,Railways,1
10891,Shubham Chaubey,1998,Uttar Pradesh,1
10892,Saurabh Dubey,1998,Uttar Pradesh,1
10893,Samarth Singh,1998,Uttar Pradesh,1
10894,Ganeshraj Dayanand Narvekar,1998,Goa,1
10895,Lakshay Garg,1998,Goa,1
10896,Rinku Singh,1998,Uttar Pradesh,1
10897,Mohammad Javed,1998,Uttar Pradesh,1
10898,Guntashveer Singh,1998,Haryana,1
10899,Shamsher Yadav,1998,Haryana,1
10900,Joydeep Bhattacharjee,1998,Tripura,1
10901,Rajdeep Dilipbhai Darbar,1998,Saurashtra,1
10902,Ajit Chahal,1998,Haryana,1
10903,Poonish Mehta,1998,Haryana,1
10904,Vikram Singh Rajawat,1998,Haryana,1
10905,Mumtaz Qadir,1998,Services,1
10906,Ritesh Negi,1998,Services,1
10907,Salman Faruk Khan,1998,Rajasthan,1
10909,Yathin Reddy,1998,Hyderabad,1
10910,Jaweed Ali,1998,Hyderabad,1
10913,Ankit Dabas,1998,Jharkhand,1
10914,Anshuman Gope Prasad,1998,Odisha,1
10915,Shesdeep Babu Patra,1998,Odisha,1
10916,Jafar Jamal,1998,Kerala,1
10917,Venkatesh Iyer,1998,Madhya Pradesh,1
10918,Parth Sahani,1998,Madhya Pradesh,1
10919,Shashank Singh,1998,Mumbai,1
10945,Washington Sundar,1998,Tamil Nadu,1
10947,Anmolpreet Singh,1998,Punjab,1
10948,Rahul Batham,1998,Madhya Pradesh,1
10949,Amandeep Khare,1998,Chhattisgarh,1
10952,K Khaleel Ahmed,1998,Rajasthan,1
10953,Mayank Dagar,1998,Himachal Pradesh,1
10954,Mahipal Lomror,1998,Rajasthan,1
10955,Kanishk Seth,1998,Bengal,1
10965,Umang Chugh,1998,Haryana,1
10967,Subham Nayak,1998,Odisha,1
10969,Mohsin Mufti Hussain,1998,Jammu and Kashmir,1
10974,Naushad Shaikh,1998,Maharashtra,1
10984,Vikash Singh,1998,Jharkhand,1
10987,Karthik Raman,1998,Andhra,1
10994,Prayag Bhati,1998,Maharashtra,1
11012,Abhishek Yadav,1998,Odisha,1
11014,Bikramkumar Das,1998,Tripura,1
11015,Ajoy Sarkar,1998,Tripura,1
11016,Rajat Dey,1998,Tripura,1
11017,Rajashekhar Harikant,1998,Goa,1
11019,Srinivas Fadte,1998,Goa,1
11020,Felix Alemao,1998,Goa,1
11021,Karan Patel,1998,Gujarat,1
11023,Karan Shinde,1998,AP,1
11024,Girinath Reddy,1998,Andhra,1
11025,Mrinmoy Dutta,1998,Assam,1
11027,Soaeb Tai,1998,Baroda,1
11028,Abhishek Tanwar,1998,Tamil Nadu,1
11029,Sarthak Ranjan,1998,Delhi,1
11031,Sohraab Dhaliwal,1998,Madhya Pradesh,1
11032,Ashutosh,1998,Chhattisgarh,1
11036,Gurinder Singh,1998,Tripura,1
11038,Anmol Malhotra,1998,Punjab,1
11043,Asadullah Khan,1998,Railways,1
11047,Chandrapal Singh,1998,Rajasthan,1
11054,Prerak Mankad,1998,Saurashtra,1
11062,Jatin Wadhwan,1998,Jammu and Kashmir,1
11149,Santosh Shinde,1998,Gujarat,1
11195,Shivam Dubey,1998,Mumbai,1
11307,Tushar Deshpande,1998,Mumbai,1
11308,Yuvraj Chudasama,1998,Saurashtra,1
11310,Jaskaranveer Singh Sohi,1998,CDG,1
11311,Krunal Pandya,1998,Baroda,1
11312,Hiten Dalal,1998,Delhi,1
11315,Shubham Ranjane,1998,Mumbai,1
11400,Priyanshu Khanduri,1998,Himachal Pradesh,1
11401,Ekant Sen,1998,Himachal Pradesh,1
11402,Arjun Sharma,1998,Services,1
11403,Vinay Galetiya,1998,Himachal Pradesh,1
11404,Ishan Porel,1998,Bengal,1
11422,Akash Parkar,1998,Mumbai,1
11511,Agniv Pan,1998,Bengal,1
11512,Ayan Bhattacharjee,1998,BEN,1
11516,Alok Pratap Singh,1998,Bengal,1
11577,Ganga Sridhar Raju,1998,Tamil Nadu,1
11591,S Karthik,1998,PUDUCHERRY,1
11595,Ravisrinivasan Sai Kishore,1998,Tamil Nadu,1
11612,Subramanian Anand,1998,PUDUCHERRY,1
11613,V Athisayaraj Davidson,1998,Tamil Nadu,1
11623,Hari Nishanth,1998,Tamil Nadu,1
11631,Sanjay Yadav,1998,MEGHALAYA,1
11640,Santha Moorthy,1998,PUDUCHERRY,1
11648,Shoaib Md Khan,1998,Andhra,1
11652,M Abhinav,1998,Tamil Nadu,1
11658,Krishnamoorthy Vignesh,1998,Tamil Nadu,1
11675,N Jagadeesan,1998,Tamil Nadu,1
11709,Vijay Gohil,1998,Mumbai,1
11760,Shinde,1998,Services,1
11774,Pankaj Rao,1998,Chhattisgarh,1
11775,Sahil Gupta,1998,Chhattisgarh,1
11776,Kant Singh,1998,Chhattisgarh,1
11777,Ajay Jadav Mandal,1998,Chhattisgarh,1
11779,Rishabh Tiwari,1998,Chhattisgarh,1
11780,Shakeeb Ahmed,1998,Chhattisgarh,1
11781,Shivendra Singh,1998,Chhattisgarh,1
11784,Mohammad Muddassir,1998,Hyderabad,1
11794,Mukul Raghav,1998,Madhya Pradesh,1
11796,Shivam Chauhan,1998,Haryana,1
11797,Vinod Kumar,1998,Kerala,1
11799,Gaurav Khatri,1998,Railways,1
11802,Sandeep Pattnaik,1998,Odisha,1
11804,Subhranshu Senapati,1998,Odisha,1
11805,Sumiran Amonkar,1998,Goa,1
11807,Arpit Pannu,1998,CDG,1
11808,Shubman Gill,1998,Punjab,1
11809,Dhruv Raval,1998,Gujarat,1
11813,Ruturaj Gaikwad,1998,Maharashtra,1
11816,Murtaza Trunkwala,1998,Maharashtra,1
11823,Vikas Yadav,1998,Services,1
11835,Pal Raj Bahadur,1998,Services,1
11836,Saurabh Rawat,1998,Odisha,1
11849,Amit Kuila,1998,Railways,1
11850,Sachidanand Pandey,1998,Services,1
11857,Gahlaut Rahul Singh,1998,Services,1
11861,Virender Dahiya,1998,Haryana,1
11866,Karan Thakur,1998,Railways,1
11867,Chintan Gaja,1998,Gujarat,1
11870,Vishal Kushwah,1998,Chhattisgarh,1
11892,Amitkumar Gautam,1998,Rajasthan,1
11893,Vishnu Vinod,1998,Kerala,1
11905,Aditya Dhumal,1998,Mumbai,1
11906,P C Dadhe,1998,Maharashtra,1
11909,Avnish Dhaliwal,1998,Chhattisgarh,1
11912,Rajesh Bishnoi Jr,1998,Rajasthan,1
11965,Upendra Yadav,1998,Uttar Pradesh,1
11966,Sehrawat,1998,Railways,1
11967,Abhishek Raman,1998,Bengal,1
11970,RI Thakur,1998,Himachal Pradesh,1
11971,Siddesh Wath,1998,Vidarbha,1
11974,Chauhan,1998,Saurashtra,1
11987,Pranith,1998,Andhra,1
12017,Shahnawaz Hussain,1998,Chhattisgarh,1
12023,Athif Bin Ashraf,1998,Kerala,1
12086,Abhishek Sharma,1998,Punjab,1
12087,Rahul Chahar,1998,Rajasthan,1
12088,Harvik Desai,1998,Saurashtra,1
12089,Priyam Garg,1998,Uttar Pradesh,1
12090,Ayush Jamwal,1998,Himachal Pradesh,1
12091,Salman Khan,1998,Rajasthan,1
12092,K Nagarkoti,1998,Rajasthan,1
12093,Het Patel,1998,Gujarat,1
12094,Prithvi Shaw,1998,Mumbai,1
12095,Shiva Singh,1998,Uttar Pradesh,1
12096,Yash Thakur,1998,Vidarbha,1
12164,Heramb Parab,1998,Goa,1
12253,R Kunnummal,1998,Kerala,1
12305,Riyan Parag,1998,Assam,1
12306,Jitumoni Kalita,1998,Assam,1
12309,Telukupalli Ravi Teja,1998,Hyderabad,1
12312,Anshul Tripathi,1998,Madhya Pradesh,1
12316,Sharad Lumba,1998,Punjab,1
12322,Shubham Agarwal,1998,Chhattisgarh,1
12323,Omkar Verma,1998,Chhattisgarh,1
12328,Manish Rao,1998,Railways,1
12329,Ankit Kaushik,1998,Himachal Pradesh,1
12330,Ashok Bhudania,1998,Rajasthan,1
12331,Divya Pratap Singh,1998,Rajasthan,1
12332,Tajinder Singh,1998,Rajasthan,1
12337,Ramandeep Singh,1998,Punjab,1
12338,Nikhil Chaudhary,1998,Punjab,1
12340,Vivekanand Tiwari,1998,Jharkhand,1
12344,Anukul Roy,1998,Jharkhand,1
12345,Shivam Mavi,1998,Uttar Pradesh,1
12346,Deepak Dogra,1998,Jammu and Kashmir,1
12359,Shivam Bhambri,1998,CDG,1
12365,Aman Kumar,1998,Haryana,1
12373,Karan Sharma,1998,Railways,1
12443,Shubham Thakur,1998,Chhattisgarh,1
12445,Chirag Parmar,1998,Gujarat,1
12452,Abhijeet Garg,1998,Punjab,1
12460,Rahul Singh,1998,Assam,1
12467,Dheeraj Kumar,1998,Himachal Pradesh,1
12493,Abhishek Gupta,1998,Punjab,1
12503,Gaurav Puri,1998,CDG,1
12537,Anuj Chaprana,1998,Haryana,1
12620,Goswami,1998,Uttar Pradesh,1
12623,Daryl Ferrario,1998,Kerala,1
12624,Harsh Tyagi,1998,Railways,1
12625,Sijomon Joseph,1998,Kerala,1
12627,Mayank Markande,1998,Punjab,1
12629,Saurabh Singh,1998,Bengal,1
12630,Utkarsh Singh,1998,Jharkhand,1
12638,Shivan Malhotra,1998,Mumbai,1
12640,Pratham Singh,1998,Railways,1
12641,Shelley Shaurya,1998,MANIPUR,1
12643,Kulwant Khejroliya,1998,Delhi,1
12644,Agnivesh Ayachi,1998,Saurashtra,1
12645,Abrar Kalim Shaikh,1998,Saurashtra,1
12647,Ashav Panchal,1998,Gujarat,1
12648,Dasari Chaitanya,1998,Andhra,1
12649,SK Kamaruddin,1998,Andhra,1
12650,Rohit Rayudu,1998,Hyderabad,1
12651,Akash Yadav,1998,Railways,1
12652,Joydeep Banik,1998,Tripura,1
12653,Abhishek Vivek Chaurasia,1998,Vidarbha,1
12654,Dwaipayan Bhattacharjee,1998,Tripura,1
12655,Rushabh Rathod,1998,Vidarbha,1
12656,Mitan Debbarma,1998,Tripura,1
12658,Devnarayan Kumar,1998,Tripura,1
12659,Sujit Lenka,1998,Odisha,1
12660,Abhijit Salvi,1998,Services,1
12661,Rajkishan Patel,1998,Odisha,1
12662,Vipin Singh,1998,Services,1
12663,Debabrata Pradhan,1998,Odisha,1
12664,Aravind Singh,1998,Odisha,1
12665,Anshuman Singh,1998,Jammu and Kashmir,1
12666,Vishwajeet Singh,1998,Jammu and Kashmir,1
12667,Malik Shirur,1998,Goa,1
12669,Suyash Prabhudessai,1998,Goa,1
12670,Rohit Dhruw,1998,Chhattisgarh,1
12672,Krishnakumar,1998,Kerala,1
12673,Pramod Yadav,1998,Rajasthan,1
12683,Mohit Handa,1998,Punjab,1
12684,Krishna Kumar,1998,Kerala,1
12689,Siva charan singh,1998,Andhra,1
12690,AP Yadav,1998,Railways,1
12691,Vinayak Bhoir,1998,Mumbai,1
12692,Amit Rana,1998,Haryana,1
12695,Prayas Singh,1998,Odisha,1
12779,Darshan Nalkande,1998,Vidarbha,1
12813,Abhijeet Tomar,1998,Rajasthan,1
12841,Yash Kothari,1998,Rajasthan,1
12926,Varun Chakravathi,1998,Tamil Nadu,1
13088,Devdutt Padikkal,1998,Karnataka,1
13113,Yarra Prithviraj,1998,Andhra,1
13115,Ponnam Rahul,1998,Kerala,1
13117,Nitin Tanwar,1998,Services,1
13130,Mitesh Patel,1998,Baroda,1
13131,Boddupalli Amit,1998,Bengal,1
13133,Nazim Siddiqui,1998,Jharkhand,1
13135,Anuj Rawat,1998,Delhi,1
13136,Kartik Tyagi,1998,Uttar Pradesh,1
13137,Arun Bamal,1998,Services,1
13145,Siddharth Desai,1998,Gujarat,1
13164,Santanu Mishra,1998,Odisha,1
13174,KC Akshay,1998,Kerala,1
13184,Mukesh Choudhary,1998,Maharashtra,1
13217,Arshdeep Singh,1998,Punjab,1
13230,Aditya Thakare,1998,Vidarbha,1
13235,Atharva taide,1998,Vidarbha,1
13250,Ninad Rathva,1998,Baroda,1
13252,Lalit Yadav,1998,Delhi,1
13254,SK Sharma,1998,Rajasthan,1
13262,Shubham Sharma,1998,Madhya Pradesh,1
13263,Aryaman Birla,1998,Madhya Pradesh,1
13264,Abhishek Thakuri,1998,Assam,1
13266,Saaketh Sairam,1998,Hyderabad,1
13268,Vaibhav Govekar,1998,Goa,1
13388,Aryan Juyal,1998,Uttar Pradesh,1
13476,Urvil Patel,1998,Baroda,1
13477,Sumanta Gupta,1998,Bengal,1
13478,Ritwik Chowdhury,1998,BEN,1
13481,Kshitij Patel,1998,Gujarat,1
13483,KM Asif,1998,Kerala,1
13485,Divyang Himganekar,1998,Maharashtra,1
13486,Shyam Gon,1998,Tripura,1
13488,Rajesh Dhuper,1998,Odisha,1
13489,Debasish Samantray,1998,Odisha,1
13490,Shashank Chandraker,1998,Chhattisgarh,1
13493,Vishvaraj Jadeja,1998,Saurashtra,1
13494,Chetan Sakariya,1998,Saurashtra,1
13496,Shams Mulani,1998,Mumbai,1
13497,Ashutosh Sharma,1998,Madhya Pradesh,1
13506,Vijesh Prabhudessai,1998,Goa,1
13509,Sanvir Singh,1998,Punjab,1
13516,Romario Sharma,1998,Assam,1
13520,Sudhesan Midhun,1998,Kerala,1
13528,Atul Singh Surwar,1998,Jharkhand,1
13534,Mohsin Khan,1998,Uttar Pradesh,1
13541,Dhrumil Matkar,1998,Mumbai,1
13549,Manzoor Dar,1998,Jammu and Kashmir,1
13575,PS Chaitanya Reddy,1998,Hyderabad,1
13577,Ajay Rohera,1998,Madhya Pradesh,1
13579,Ashutosh Aman,1998,Services,1
13580,Atharva Kale,1998,Maharashtra,1
13581,Jay Pande,1998,Maharashtra,1
13583,Sagar Sharma,1998,Services,1
13584,S Ashish,1998,Andhra,1
13585,Sanidhya Hurkat,1998,Chhattisgarh,1
13586,Sahban Khan,1998,Chhattisgarh,1
13587,Ishtiaq Elahi,1998,Jammu and Kashmir,1
13592,Trivendra Kumar,1998,Services,1
13594,Nakul Sharma,1998,Services,1
13595,Shiva Chouhan,1998,Rajasthan,1
13598,Fazil Rashid,1998,Jammu and Kashmir,1
13599,Neelambuj Vats,1998,Tripura,1
13600,A Nagwaswalla,1998,Gujarat,1
13601,Kathan D Patel,1998,Gujarat,1
13602,Rahul V Shah,1998,Gujarat,1
13604,Puneet Kumar,1998,Jammu and Kashmir,1
13605,Abhinav Tandel,1998,Gujarat,1
13606,Sanjeet Desai,1998,Chhattisgarh,1
13607,Mukhtar Hussain,1998,Assam,1
13608,Fazil Fanoos,1998,Kerala,1
13609,Prithvi Singh,1998,Railways,1
13614,Sanjay Dhull,1998,Haryana,1
13615,Shubham Agarwal,1998,Uttar Pradesh,1
13616,Shanu Saini,1998,Uttar Pradesh,1
13619,Prashant Kore,1998,Maharashtra,1
13862,D Rohit,1998,PUDUCHERRY,1
13908,Mohit Jangra,1998,Uttar Pradesh,1
13914,Atharwa Taide,1998,Vidarbha,1
13939,Ajay Dev Goud,1998,Hyderabad,1
13940,Yashasvi Jaiswal,1998,Mumbai,1
14037,TM Ul-Haq,1998,Rajasthan,1
14040,Govindaraajan,1998,PUDUCHERRY,1
14041,Iqlas Naha,1998,PUDUCHERRY,1
14042,Madhavan Manohar,1998,PUDUCHERRY,1
14043,Vikneshwaran Marimuthu,1998,PUDUCHERRY,1
14044,Ashith Sanganakal,1998,PUDUCHERRY,1
14045,Shashank Singh,1998,PUDUCHERRY,1
14046,Sarag Udheshi,1998,PUDUCHERRY,1
14049,Anunay Singh,1998,BIHAR,1
14050,Babur Kumar,1998,BIHAR,1
14051,Eshaan Ravi,1998,BIHAR,1
14052,Anshuman Gautam,1998,BIHAR,1
14053,Diwan Khan,1998,BIHAR,1
14054,MD Rahmatullah,1998,BIHAR,1
14055,Manish Rai,1998,BIHAR,1
14056,Vikash Ranjan,1998,BIHAR,1
14057,Rohit Raj,1998,BIHAR,1
14059,Kundan Sharma,1998,BIHAR,1
14060,Ashish Sinha,1998,BIHAR,1
14061,Gaurav Singh,1998,MIZORAM,1
14062,Lalhmangaiha,1998,MIZORAM,1
14063,Lalnuntluanga,1998,MIZORAM,1
14064,Lalrempuia,1998,MIZORAM,1
14065,Lalhruaimawia Ralte,1998,MIZORAM,1
14066,K Vanlalruata,1998,MIZORAM,1
14067,Zorinliana,1998,Mizoram,1
14068,Saidingliana Sailo,1998,MIZORAM,1
14069,C Lalrinsanga,1998,MIZORAM,1
14070,Michael Lalremkima,1998,MIZORAM,1
14071,R Lalnunkima,1998,MIZORAM,1
14072,G Lalbiakvela,1998,MIZORAM,1
14073,Techi Doria,1998,ARUNACHALPRADESH,1
14074,Techi Neri,1998,ARUNACHALPRADESH,1
14075,Momar Ori,1998,ARUNACHALPRADESH,1
14076,Takar Paja,1998,ARUNACHALPRADESH,1
14077,Utsav Pankaj,1998,ARUNACHALPRADESH,1
14078,Akhilesh Sahani,1998,ARUNACHALPRADESH,1
14079,Samrath Seth,1998,ARUNACHALPRADESH,1
14080,Sams Alam,1998,ARUNACHALPRADESH,1
14081,Myendung Singpho,1998,ARUNACHALPRADESH,1
14082,Song Tacho,1998,ARUNACHALPRADESH,1
14083,Licha Tehi,1998,ARUNACHALPRADESH,1
14084,Sandeep Thakur,1998,ARUNACHALPRADESH,1
14085,Kamsha Yangfo,1998,ARUNACHALPRADESH,1
14086,Tana David,1998,ARUNACHALPRADESH,1
14087,Bhusan Subba,1998,SIKKIM,1
14088,Mendup Bhutia,1998,SIKKIM,1
14089,Bijay Subba,1998,SIKKIM,1
14091,Faizan Khan,1998,SIKKIM,1
14092,Binod Gupta,1998,SIKKIM,1
14093,Nilesh Lamichaney,1998,SIKKIM,1
14094,Lee Yong Lepcha,1998,SIKKIM,1
14095,Padam limboo,1998,SIKKIM,1
14096,Bikash Pradhan,1998,SIKKIM,1
14097,Amosi Rai,1998,SIKKIM,1
14098,Ajay Shrestha,1998,SIKKIM,1
14099,Som Lepcha,1998,SIKKIM,1
14100,Plazor Tamang,1998,SIKKIM,1
14101,Asish Thapa,1998,SIKKIM,1
14102,Vaibhav Bhatt,1998,UTTARAKHAND,1
14103,Saurabh Chauhan,1998,UTTARAKHAND,1
14104,Dhanraj Sharma,1998,UTTARAKHAND,1
14105,Deepak Dhapola,1998,UTTARAKHAND,1
14106,Vijay Jethi,1998,UTTARAKHAND,1
14107,Karnaveer,1998,UTTARAKHAND,1
14108,Mayank Mishra,1998,UTTARAKHAND,1
14109,Vaibhav Singh,1998,UTTARAKHAND,1
14110,Arya Saithi,1998,UTTARAKHAND,1
14111,Shubham Saundiyal,1998,UTTARAKHAND,1
14112,Sunny Rana,1998,UTTARAKHAND,1
14113,Toni Chishi,1998,NAGALAND,1
14114,Imliwati Lemtur,1998,NAGALAND,1
14115,Nitesh Lochab,1998,NAGALAND,1
14116,Ravi Maurya,1998,NAGALAND,1
14117,Oren Ngullie,1998,NAGALAND,1
14118,Sedezhalie Rupero,1998,NAGALAND,1
14119,Paras Sehrawat,1998,NAGALAND,1
14120,Tahmeed Rahman,1998,NAGALAND,1
14122,Mughavi Wotsa,1998,NAGALAND,1
14123,Inakato Zhimomi,1998,NAGALAND,1
14124,Raj Biswa,1998,MEGHALAYA,1
14125,Mark Ingty,1998,MEGHALAYA,1
14126,Jason Lamare,1998,MEGHALAYA,1
14127,Sylvester Mylliempdah,1998,MEGHALAYA,1
14128,Abhay Negi,1998,MEGHALAYA,1
14129,Wallambok Nonngkhlaw,1998,MEGHALAYA,1
14130,Bablu Passah,1998,MEGHALAYA,1
14131,Chengkam Sangma,1998,MEGHALAYA,1
14132,Dipu Sangma,1998,MEGHALAYA,1
14133,Amiangshu Sen,1998,MEGHALAYA,1
14134,Rajesh Tati,1998,MEGHALAYA,1
14135,Hrithik Kanojia,1998,MANIPUR,1
14136,Bishworjit Konthoujam,1998,MANIPUR,1
14137,Kabrambam Meitei,1998,MANIPUR,1
14138,Lakan Rawat,1998,MANIPUR,1
14139,Chingangbam Singh,1998,MANIPUR,1
14140,Kangabam Singh,1998,MANIPUR,1
14141,Nungleppam Singh,1998,MANIPUR,1
14142,Pukhrambam Singh,1998,MANIPUR,1
14143,Rajkumar Singh,1998,MANIPUR,1
14144,Sagatpam Singh,1998,MANIPUR,1
14145,Thoudam Singh,1998,MANIPUR,1
14146,Somorjit Salam,1998,MANIPUR,1
14147,Sultan Karim,1998,MANIPUR,1
14150,Akhil Rajput,1998,MIZORAM,1
14151,Mandar Bhandari,1998,Maharashtra,1
14157,Varun Choudhary,1998,Services,1
14159,Abhishek Tiwari,1998,Services,1
14160,R K Singh,1998,Services,1
14161,Bikramjit Debnath,1998,Tripura,1
14162,Manish Golamaru,1998,Andhra,1
14163,Simarjeet Singh,1998,Delhi,1
14164,Kanwar Singh Chohan,1998,Odisha,1
14165,Papu Roy,1998,Odisha,1
14167,Rajesh Mohanty,1998,Odisha,1
14168,Prayas Barman,1998,Bengal,1
14169,Sahabaz Ahmed,1998,Bengal,1
14172,Yash Dayal,1998,Uttar Pradesh,1
14173,Saiju Titus,1998,PUDUCHERRY,1
14174,B Ranjit,1998,PUDUCHERRY,1
14175,Arun Chaprana,1998,Haryana,1
14176,Prabhakaran Gopalakrishnan,1998,PUDUCHERRY,1
14177,Narayanan,1998,PUDUCHERRY,1
14179,Aqib Nabi,1998,Jammu and Kashmir,1
14180,Ashay Palkar,1998,Maharashtra,1
14181,Arun,1998,NAGALAND,1
14182,Bibek,1998,SIKKIM,1
14183,Jaymin Chauhan,1998,Gujarat,1
14186,Hemang Patel,1998,Gujarat,1
14190,Kumar Kartikeya,1998,Madhya Pradesh,1
14192,Yash Dubey,1998,Madhya Pradesh,1
14193,Rajat Goel,1998,Uttar Pradesh,1
14194,Krishna Palai,1998,Odisha,1
14254,Simran Singh,1998,Punjab,1
14260,Sabir Khan,1998,BIHAR,1
14261,Treyaksh Bali,1998,Haryana,1
14264,Mohmad Ajrudeen,1998,Himachal Pradesh,1
14270,Magendiran Chinnadurai,1998,PUDUCHERRY,1
14271,Vishamber Kahlon,1998,Goa,1
14274,Rasikh Salam,1998,Jammu and Kashmir,1
14275,Ninad Kadam,1998,Tripura,1
14288,Kumar Mridul,1998,BIHAR,1
14289,Akshay Jain,1998,PUDUCHERRY,1
14290,Sai Karthik,1998,PUDUCHERRY,1
14292,Jitender,1998,MANIPUR,1
14293,Kartik,1998,UTTARAKHAND,1
14294,Lakshay,1998,Delhi,1
14295,Aishwarya Mourya,1998,Chhattisgarh,1
14296,Ankush Singh,1998,Madhya Pradesh,1
14297,Sharun Kumar,1998,Tamil Nadu,1
14301,Vijay Bharti,1998,BIHAR,1
14325,Aditya Singhania,1998,MEGHALAYA,1
14331,Chitiz Tamang,1998,SIKKIM,1
14333,Neelam Obi,1998,ARUNACHALPRADESH,1
14336,Kuldeep Sen,1998,Madhya Pradesh,1
14338,Madhav Kaushik,1998,Uttar Pradesh,1
14339,Moia,1998,MIZORAM,1
14352,Lalhruaizela,1998,MIZORAM,1
14354,Thokchom Kishan,1998,MANIPUR,1
14383,Arpit Guleria,1998,Himachal Pradesh,1
14385,Kunwar Bidhuri,1998,Delhi,1
14403,Utkarsh Bhaskar,1998,BIHAR,1
14409,Vikrant Rajput,1998,Railways,1
14410,Swarajeet Das,1998,MEGHALAYA,1
14416,Dinesh Rai,1998,SIKKIM,1
14420,Vivek Kumar,1998,BIHAR,1
14438,Ankit Kumar,1998,Haryana,1
14440,Bobby Zothansanga,1998,MIZORAM,1
14467,Qamran Iqbal,1998,Jammu and Kashmir,1
14468,Mangal Mahrour,1998,Railways,1
14504,Tilak Varma,1998,Hyderabad,1
14508,Ahmed Shah,1998,MANIPUR,1
14518,Tashi Bhalla,1998,SIKKIM,1
14521,Aditya Kumar,1998,BIHAR,1
14526,Lavin Coster,1998,Chhattisgarh,1
14548,Avneesh Sudha,1998,UTTARAKHAND,1
14606,Shahbaz Ahmed,1998,BEN,1
14607,Jamalpur Mallikarjun,1998,Hyderabad,1
14613,Damodaren Rohit,1998,PUDUCHERRY,1
14619,K Lalhmingmawia,1998,MIZORAM,1
14621,Parvez Ahmed,1998,MIZORAM,1
14623,Hrishikesh Tamuli,1998,Assam,1
14625,Tejas Patel,1998,Gujarat,1
14628,Abdul Samad,1998,Jammu and Kashmir,1
14629,Mujtaba Yousuf,1998,Jammu and Kashmir,1
14632,Ankit Maini,1998,Himachal Pradesh,1
14650,Sumit Kumar,1998,Haryana,1
14651,Yashu Sharma,1998,Haryana,1
14653,Larry Sangma,1998,MEGHALAYA,1
14659,Ravi Bishnoi,1998,Rajasthan,1
14662,Lamabam Singh,1998,MANIPUR,1
14663,Abhishek Bhandari,1998,Madhya Pradesh,1
14666,Azim Kazi,1998,Maharashtra,1
14669,Swastik Samal,1998,Odisha,1
14671,Rishabh Chouhan,1998,Madhya Pradesh,1
14672,Ankit Chaudhary,1998,Uttar Pradesh,1
14683,Amatea,1998,MIZORAM,1
14688,Arjun Azad,1998,CDG,1
14712,Shantanu Mishra,1998,Odisha,1
14726,Akash Deep,1998,BEN,1
14997,Shashank Attarde,1998,Mumbai,1
15483,Roshan Alam,1998,Assam,1
15484,Sagar Udeshi,1998,PUDUCHERRY,1
15485,Akash Choudhary,1998,MEGHALAYA,1
15486,Soyeb Sopariya,1998,Baroda,1
15487,Kamlesh Kumar,1998,BIHAR,1
15488,Nikku Singh,1998,BIHAR,1
15489,Rohan Kumar,1998,BIHAR,1
15490,Sachin Kumar,1998,BIHAR,1
15491,Vikash Yadav,1998,BIHAR,1
15492,Aosashi Longchar,1998,NAGALAND,1
15493,Nagaho Chishi,1998,NAGALAND,1
15494,Tejosel Yiethun,1998,NAGALAND,1
15496,Al Bashid Muhammed,1998,MANIPUR,1
15497,Johnson Singh,1998,MANIPUR,1
15498,Karkir Taye,1998,ARUNACHALPRADESH,1
15499,Langlonyamba Keishangbam,1998,MANIPUR,1
15500,Lobsang Pandan,1998,ARUNACHALPRADESH,1
15501,Ronald Longjam,1998,MANIPUR,1
15502,Sumit Lamba,1998,MIZORAM,1
15503,Shashwat Kohli,1998,ARUNACHALPRADESH,1
15504,Thomas Moirangthem,1998,MANIPUR,1
15506,Lalruatdika,1998,MIZORAM,1
15507,Karnajit Yumnam,1998,MANIPUR,1
15508,Uvais Ahmad,1998,ARUNACHALPRADESH,1
15511,T Sangma,1998,MEGHALAYA,1
15512,Abhimanyu Rajput,1998,Baroda,1
15515,Manan Hingrajia,1998,Gujarat,1
15516,Ripal Patel,1998,Gujarat,1
15517,Nitesh Gupt,1998,SIKKIM,1
15518,Anirudh Kanwar,1998,CDG,1
15519,Preet Kamal,1998,CDG,1
15520,Dinesh Mor,1998,Railways,1
15521,Aditya sethi,1998,UTTARAKHAND,1
15522,Ashish Chaudhary,1998,UTTARAKHAND,1
15523,Shubham Desai,1998,Goa,1
15525,Shubham Kumar Singh,1998,Jharkhand,1
15526,Pinninti Tapaswi,1998,AP,1
15527,Himanshu Sangwan,1998,Railways,1
15528,Abid Mushtaq,1998,Jammu and Kashmir,1
15529,Pradeep Chamoli,1998,UTTARAKHAND,1
15585,Moakumzuk Tzudir,1998,NAGALAND,1
15589,Ananta Saha,1998,Railways,1
15592,Amlanjyoti Paresh Das,1998,Assam,1
15593,Ajay Singh,1998,MANIPUR,1
15594,S Gani,1998,BIHAR,1
15595,Shivam Kumar,1998,BIHAR,1
15598,Vayu Haralu,1998,NAGALAND,1
15616,Dhrushant Soni,1998,Railways,1
15617,AA Sinha,1998,Tripura,1
15620,Vipul Krishna,1998,BIHAR,1
15641,Niia,1998,ARUNACHALPRADESH,1
15648,Chiranjivi Kumar,1998,BIHAR,1
15649,Tunish Sawkar,1998,Goa,1
15650,Sandeep Yadav,1998,Railways,1
15651,Tanush Gusain,1998,UTTARAKHAND,1
15652,Temjentoshi,1998,NAGALAND,1
15653,WL Kynshi,1998,MEGHALAYA,1
15656,Vijay Singh,1998,Delhi,1
